0 50
1 50
2 54
2 55
2 57
3 54
3 56
4 55
4 56
4 57
5 56
5 57
6 53
6 54
6 55
8 53
8 54
8 55
8 56
8 57
9 58
9 59
9 81
10 59
10 60
10 71
11 60
11 81
12 58
12 59
12 81
13 61
13 62
13 63
13 64
14 62
14 65
15 62
15 63
15 65
15 86
16 63
16 64
16 84
17 58
17 60
17 62
17 63
17 64
17 65
17 82
17 83
18 61
18 63
18 65
18 76
19 64
19 65
20 61
20 63
21 67
21 68
21 69
22 74
23 72
23 74
23 76
23 77
23 81
24 72
24 73
24 74
25 54
25 72
25 76
25 77
25 78
25 92
25 93
25 98
26 58
26 76
27 72
27 75
27 76
27 77
28 72
28 74
28 81
29 79
29 80
29 87
30 50
30 61
30 62
30 63
30 64
30 80
30 81
30 82
30 83
30 84
30 85
30 86
31 79
31 82
31 83
32 63
32 80
32 82
32 84
32 85
32 87
33 87
34 57
34 60
34 88
34 90
34 98
35 60
35 88
35 89
35 90
36 60
36 88
36 90
36 98
38 87
38 89
38 90
38 98
39 60
39 88
39 89
40 91
40 92
40 93
40 94
40 98
41 91
41 93
42 91
42 92
42 93
42 98
43 91
43 94
43 98
44 91
44 92
44 93
44 98
45 94
45 98
46 83
46 87
46 95
46 98
46 99
47 95
47 98
48 59
48 68
48 95
49 60
49 62
49 74
49 95